[LEFT_CAM_2K]
fx=1066.47
fy=1066.69
cx=1096.4
cy=608.35
k1=-0.0481392
k2=0.0204418
p1=-0.000164085
p2=-0.000320881
k3=-0.00848405

[RIGHT_CAM_2K]
fx=1067.68
fy=1067.68
cx=1119.35
cy=638.421
k1=-0.0488906
k2=0.0210952
p1=-0.000111085
p2=-2.85138e-05
k3=-0.00867969

[LEFT_CAM_FHD]
fx=1066.47
fy=1066.69
cx=952.4
cy=527.35
k1=-0.0481392
k2=0.0204418
p1=-0.000164085
p2=-0.000320881
k3=-0.00848405

[RIGHT_CAM_FHD]
fx=1067.68
fy=1067.68
cx=975.35
cy=557.421
k1=-0.0488906
k2=0.0210952
p1=-0.000111085
p2=-2.85138e-05
k3=-0.00867969

[LEFT_CAM_HD]
fx=533.235
fy=533.345
cx=634.7
cy=352.175
k1=-0.0481392
k2=0.0204418
p1=-0.000164085
p2=-0.000320881
k3=-0.00848405

[RIGHT_CAM_HD]
fx=533.84
fy=533.84
cx=646.175
cy=367.2105
k1=-0.0488906
k2=0.0210952
p1=-0.000111085
p2=-2.85138e-05
k3=-0.00867969

[LEFT_CAM_VGA]
fx=266.6175
fy=266.6725
cx=332.85
cy=183.5875
k1=-0.0481392
k2=0.0204418
p1=-0.000164085
p2=-0.000320881
k3=-0.00848405

[RIGHT_CAM_VGA]
fx=266.92
fy=266.92
cx=338.5875
cy=191.10525
k1=-0.0488906
k2=0.0210952
p1=-0.000111085
p2=-2.85138e-05
k3=-0.00867969

[LEFT_DISTO]
k1=-1.09881
k2=2.26482
k3=0.121642
k4=-1.00398
k5=2.11774
k6=0.27731
p1=-0.000104778
p2=-0.00019719

[RIGHT_DISTO]
k1=-1.23005
k2=2.54131
k3=0.146487
k4=-1.13444
k5=2.38549
k6=0.319041
p1=-1.45179e-05
p2=-0.000258106

[STEREO]
Baseline=119.769
TY=-0.234338
TZ=0.0178837
CV_2K=0.00274884
CV_FHD=0.00274884
CV_HD=0.00274884
CV_VGA=0.00274884
RX_2K=0.00227577
RX_FHD=0.00227577
RX_HD=0.00227577
RX_VGA=0.00227577
RZ_2K=0.00172762
RZ_FHD=0.00172762
RZ_HD=0.00172762
RZ_VGA=0.00172762

[MISC]
Sensor_ID=0


